           1           2   1.02955319426018     
           2           3   1.41115746754099     
           3           4   1.44504896686545     
           2           5  0.104883645526230     
           4           5   1.43181216725241     
           5           6   1.40360896652401     
           6           7  0.956333620530534     
           2           8   1.37251537964662     
           4           8  0.105091129075127     
           6           8   1.36183010958594     
           8           9   1.01862610726158     
           9          10   1.32145079476079     
          10          11   1.08859767472962     
          10          12   1.37447884998545     
           9          13  0.102606772829134     
          12          13   1.44317687912272     
          13          14   1.43492056087212     
           9          15   1.37526326395083     
          14          15   1.39181517209247     
          15          16  0.959015677266766     
           1          17  0.983077543826145     
           1          18  0.962971739115825     
           1          19  0.977192765006995     
           3          20  0.967942333206644     
           4          21  0.970378670412470     
           5          22  0.966809309463667     
          11          23  0.885203620768570     
          12          24  0.965434576752146     
          13          25  0.970170386299727     
          14          26  0.966573184510401     
