           1           2   1.02937197090211     
           2           3   1.41177731852925     
           3           4   1.44433705455805     
           2           5  0.105025847927944     
           4           5   1.43267696971472     
           5           6   1.40271153648610     
           6           7  0.956038196503605     
           2           8   1.37264235014129     
           4           8  0.105395294472212     
           6           8   1.36307366828841     
           8           9   1.01711264355720     
           9          10   1.32285162276350     
          10          11   1.08818258788660     
          10          12   1.37388252942457     
           9          13  0.102823161341889     
          12          13   1.44376149520477     
          13          14   1.43455429800154     
           9          15   1.37526357300225     
          14          15   1.39221974177484     
          15          16  0.958746436978408     
           1          17  0.963415993292724     
           1          18  0.976726956357066     
           1          19  0.983458809265035     
           3          20  0.967900980541721     
           4          21  0.970372392532356     
           5          22  0.966786305147206     
          11          23  0.885226069799092     
          12          24  0.965433994788413     
          13          25  0.970157926249458     
          14          26  0.966542848194028     
