           1           2   1.02938382459910     
           2           3   1.41165828611971     
           3           4   1.44446422200268     
           2           5  0.105013893594240     
           4           5   1.43253961892494     
           5           6   1.40284325811582     
           6           7  0.956096935091247     
           2           8   1.37269893651556     
           4           8  0.105386948326513     
           6           8   1.36296347386821     
           8           9   1.01714212508887     
           9          10   1.32241408301571     
          10          11   1.08822219312402     
          10          12   1.37416241361738     
           9          13  0.102822255952059     
          12          13   1.44349053593639     
          13          14   1.43480681042415     
           9          15   1.37565409880362     
          14          15   1.39191704781738     
          15          16  0.958790992256307     
           1          17  0.983412662795417     
           1          18  0.963375973130359     
           1          19  0.976796169046216     
           3          20  0.967906023701453     
           4          21  0.970377207333535     
           5          22  0.966796149371687     
          11          23  0.885234122314979     
          12          24  0.965424755627188     
          13          25  0.970162476208926     
          14          26  0.966553409755010     
