           1           2   1.03120685879094     
           2           3   1.41433175506186     
           3           4   1.44203417519155     
           2           5  0.105562771180798     
           4           5   1.43497091096670     
           5           6   1.39920048578939     
           6           7  0.952113163519051     
           2           8   1.36604291158180     
           4           8  0.104585055450629     
           6           8   1.36329979643954     
           8           9   1.01347702838414     
           9          10   1.33333174938277     
          10          11   1.09286217070357     
          10          12   1.35979955528634     
           9          13  0.100006484344794     
          12          13   1.46063382442562     
          13          14   1.42110784573707     
           9          15   1.36367664243542     
          14          15   1.40419176890869     
          15          16  0.955351749870161     
           1          17  0.975091164791186     
           1          18  0.961786027207074     
           1          19  0.983458790288627     
           3          20  0.967555319070047     
           4          21  0.970070290029026     
           5          22  0.966503897603736     
          11          23  0.876773050151716     
          12          24  0.966164748883708     
          13          25  0.969734119385159     
          14          26  0.966410003441424     
