$coord
         -2.363780784155          4.984646649593         -1.054914001974     c 
         -2.972378029245          2.341166770091         -0.115407189644     c 
         -5.513397489340          2.104436202720          0.541860123014     c 
         -6.722611231443         -0.179693346611          0.863745362754     c 
         -5.404752133340         -2.319062957656          0.167889752859     c 
         -2.865821835768         -2.112145021122         -0.384654036532     c 
         -1.884914024083         -4.278660928665         -1.394671329225     f 
         -1.416281220210          0.124986626787         -0.124620458370     c 
          1.416170242274          0.014030097212          0.058401267469     c 
          2.838324964682         -2.267204207339          0.343425195557     c 
          2.013129776778         -4.574235888368          1.106543971296     o 
          5.453537211709         -2.259758688043         -0.028731462308     c 
          6.802645071332         -0.070835549887         -0.385399303628     c 
          5.535652860442          2.202281289071         -0.159101164891     c 
          2.944121929389          2.198002939695          0.116877409849     c 
          1.963002356337          4.507249261996          0.616924711769     f 
         -4.055294253952          5.708621617830         -1.973649642466     h 
         -1.876323729217          6.268723975214          0.471520898687     h 
         -0.854048475174          4.973949873243         -2.442391243154     h 
         -6.599073644623          3.821862143887          0.734010376599     h 
         -8.675094449259         -0.278106888607          1.434396407926     h 
         -6.297409468049         -4.142273447464         -0.011100930150     h 
          0.254936119515         -4.580558224479          1.572824228690     h 
          6.382095665449         -4.071027772622          0.063147380898     h 
          8.815953031693         -0.123689781946         -0.691225496538     h 
          6.510150337715          3.990747406644         -0.148492682017     h 
$end
