           1           2   1.02434542446812     
           2           3   1.42624699090577     
           3           4   1.44241303734728     
           2           5  0.101445120578462     
           4           5   1.41257213136108     
           5           6   1.42700597206918     
           6           7  0.934757628228956     
           2           8   1.33004992157427     
           6           8   1.32538442832107     
           8           9   1.08656774665915     
           9          10   1.29770108388246     
          10          11   1.11040955319219     
          10          12   1.35886170390631     
          12          13   1.46787430382623     
          13          14   1.40001022192328     
           9          15   1.32198479529011     
          14          15   1.42948870164742     
          15          16  0.956167476310894     
           1          17  0.973911115488616     
           1          18  0.964189095246148     
           1          19  0.980615095131919     
           3          20  0.963526685318987     
           4          21  0.969857033855851     
           5          22  0.964522522936894     
          11          23  0.865933332903279     
          12          24  0.963638444380545     
          13          25  0.969309115801902     
          14          26  0.965400506730767     
