           1           2   1.02929970038720     
           2           3   1.41241680009188     
           3           4   1.44354323378074     
           2           5  0.105094398691362     
           4           5   1.43346269015168     
           5           6   1.40198132850927     
           6           7  0.955892676965404     
           2           8   1.37246773549242     
           4           8  0.105754442366812     
           6           8   1.36418860058344     
           8           9   1.01594211413627     
           9          10   1.32281113662685     
          10          11   1.08770536792193     
          10          12   1.37434671481769     
           9          13  0.103046612360434     
          12          13   1.44339538015168     
          13          14   1.43502575757924     
           9          15   1.37649076009789     
          14          15   1.39170787142538     
          15          16  0.958478126991054     
           1          17  0.984068248953274     
           1          18  0.975668758338002     
           1          19  0.964113622121082     
           3          20  0.967821297948878     
           4          21  0.970375547466559     
           5          22  0.966776994048351     
          11          23  0.885271360035315     
          12          24  0.965418520705877     
          13          25  0.970160856747230     
          14          26  0.966539146573930     
