           1           2   1.02865848003006     
           2           3   1.40470423194612     
           3           4   1.45219696885985     
           2           5  0.106219269285989     
           4           5   1.42847217428332     
           5           6   1.40510018652623     
           6           7  0.957382388435845     
           2           8   1.38011353285498     
           4           8  0.104053466757860     
           6           8   1.35802693861694     
           8           9   1.00275050321404     
           9          10   1.33628835056979     
          10          11   1.08853087012586     
          10          12   1.36233068462382     
           9          13  0.101356789447432     
          12          13   1.45784156281843     
          13          14   1.42524275290754     
           9          15   1.36786107205443     
          14          15   1.39931727278346     
          15          16  0.958762203277519     
           1          17  0.969445081032890     
           1          18  0.970463091654573     
           1          19  0.981785763065193     
           3          20  0.968436775451590     
           4          21  0.969991867627848     
           5          22  0.966386862251355     
          11          23  0.878555432032030     
          12          24  0.966176658856141     
          13          25  0.969729834876604     
          14          26  0.966333590468868     
