           1           2   1.02932327961288     
           2           3   1.41201234881202     
           3           4   1.44399790042203     
           2           5  0.105047925097796     
           4           5   1.43299481246047     
           5           6   1.40242141091871     
           6           7  0.955992942590855     
           2           8   1.37274396919730     
           4           8  0.105613105156006     
           6           8   1.36348509414797     
           8           9   1.01643984271087     
           9          10   1.32277077145247     
          10          11   1.08798344931226     
          10          12   1.37420738657870     
           9          13  0.102945638555688     
          12          13   1.44344289660526     
          13          14   1.43494674238649     
           9          15   1.37602574233477     
          14          15   1.39183337658631     
          15          16  0.958547544480840     
           1          17  0.976095276249957     
           1          18  0.963821928082631     
           1          19  0.983854073272818     
           3          20  0.967850702146977     
           4          21  0.970375593013600     
           5          22  0.966779840460908     
          11          23  0.885254775571046     
          12          24  0.965416957611725     
          13          25  0.970155165217699     
          14          26  0.966531445762680     
