           1           2   1.02861312552825     
           2           3   1.41531011089003     
           3           4   1.44032380494331     
           2           5  0.106287068688660     
           4           5   1.43830150251530     
           5           6   1.39663970782494     
           6           7  0.955335330595167     
           2           8   1.37262722433258     
           4           8  0.107620322979691     
           6           8   1.37301860286772     
           8           9   1.00560312251847     
           9          10   1.32854230944105     
          10          11   1.08232771567406     
          10          12   1.37490130666917     
           9          13  0.104655215407056     
          12          13   1.44262406055727     
          13          14   1.43751329406776     
           9          15   1.37994822718948     
          14          15   1.38891380510879     
          15          16  0.960806803626500     
           1          17  0.985309364662051     
           1          18  0.970956004759847     
           1          19  0.969427892684960     
           3          20  0.967632570145485     
           4          21  0.970342453292897     
           5          22  0.966699329075501     
          11          23  0.885788109574973     
          12          24  0.965366495215627     
          13          25  0.970126487481720     
          14          26  0.966411581343417     
