           1           2   1.02931630290064     
           2           3   1.41104409330921     
           3           4   1.44514300241633     
           2           5  0.104974504929376     
           4           5   1.43194571250146     
           5           6   1.40341555512117     
           6           7  0.956111692026833     
           2           8   1.37339955379232     
           4           8  0.105241567747961     
           6           8   1.36214355618999     
           8           9   1.01730809884346     
           9          10   1.32237908705267     
          10          11   1.08825431406818     
          10          12   1.37424897159662     
           9          13  0.102815408479862     
          12          13   1.44336438578333     
          13          14   1.43484875995822     
           9          15   1.37531801360646     
          14          15   1.39192025041367     
          15          16  0.959012649632335     
           1          17  0.977482603238409     
           1          18  0.982946416537840     
           1          19  0.963190121255443     
           3          20  0.967969747954460     
           4          21  0.970376348868610     
           5          22  0.966790988377164     
          11          23  0.885262947031820     
          12          24  0.965432369127911     
          13          25  0.970170948283126     
          14          26  0.966544387101081     
