           1           2   1.02924254334423     
           2           3   1.41272330902707     
           3           4   1.44323007031658     
           2           5  0.105201882226104     
           4           5   1.43392810627809     
           5           6   1.40142367234122     
           6           7  0.955940193586984     
           2           8   1.37229372219828     
           4           8  0.105820926950823     
           6           8   1.36495327192630     
           8           9   1.01533751078496     
           9          10   1.32356621714912     
          10          11   1.08761620542577     
          10          12   1.37384922870133     
           9          13  0.103096733866946     
          12          13   1.44377568409332     
          13          14   1.43481909736428     
           9          15   1.37626508064409     
          14          15   1.39188150741078     
          15          16  0.958599116230821     
           1          17  0.975617386508541     
           1          18  0.964225900486499     
           1          19  0.984108214482577     
           3          20  0.967817220338260     
           4          21  0.970369976280601     
           5          22  0.966784402107315     
          11          23  0.885288572064600     
          12          24  0.965427799233436     
          13          25  0.970151620865787     
          14          26  0.966538239301804     
