           1           2   1.02937196987560     
           2           3   1.41177732157771     
           3           4   1.44433705387014     
           2           5  0.105025848805616     
           4           5   1.43267697061570     
           5           6   1.40271153455194     
           6           7  0.956038196020752     
           2           8   1.37264234205234     
           4           8  0.105395290311397     
           6           8   1.36307366770724     
           8           9   1.01711265918408     
           9          10   1.32285161128746     
          10          11   1.08818259802593     
          10          12   1.37388253210280     
           9          13  0.102823161497623     
          12          13   1.44376149236722     
          13          14   1.43455429556372     
           9          15   1.37526356187159     
          14          15   1.39221974256711     
          15          16  0.958746446283595     
           1          17  0.963415990247373     
           1          18  0.976726960100396     
           1          19  0.983458807547020     
           3          20  0.967900981226940     
           4          21  0.970372392297626     
           5          22  0.966786305041652     
          11          23  0.885226068062325     
          12          24  0.965433996141759     
          13          25  0.970157927065932     
          14          26  0.966542849265906     
