$coord
          2.361892221521          4.983824180011          1.054194490897     c 
          2.971814020126          2.340994301796          0.115762521617     c 
          5.512473475145          2.104546957668         -0.541990441539     c 
          6.723720139070         -0.178717185240         -0.865533024227     c 
          5.405888977542         -2.316541541109         -0.166021076000     c 
          2.867137652325         -2.110720022058          0.386400748966     c 
          1.884758877772         -4.279255231224          1.395365410827     f 
          1.416322272049          0.124229245981          0.125577092447     c 
         -1.415878256749          0.012789507055         -0.057576545334     c 
         -2.838776700458         -2.266649281377         -0.344593561522     c 
         -2.012836645513         -4.574389622865         -1.107686544392     o 
         -5.454597827012         -2.258817330888          0.020205003140     c 
         -6.803480516340         -0.070366401799          0.385802590421     c 
         -5.534595101460          2.202312359945          0.168851428914     c 
         -2.943332139971          2.197884632269         -0.115091713881     c 
         -1.963146713636          4.505695708466         -0.621866200184     f 
          1.876239091982          6.267206450821         -0.473301243708     h 
          0.849556741913          4.972553054151          2.439774013721     h 
          4.053306456328          5.707477090002          1.977237356344     h 
          6.597244560169          3.823464458771         -0.733529222703     h 
          8.674730695911         -0.276281282193         -1.440689724460     h 
          6.297213085082         -4.140388500632          0.015370678627     h 
         -0.247741155204         -4.589362648161         -1.540975162652     h 
         -6.382730905897         -4.069598730868         -0.078003403434     h 
         -8.816215371764         -0.122679097737          0.693885256332     h 
         -6.506713797566          3.992086868396          0.165528268921     h 
$end
