           1           2   1.02436917660195     
           2           3   1.42621834606445     
           3           4   1.44242773566375     
           2           5  0.101430314619528     
           4           5   1.41255437913924     
           5           6   1.42703232502674     
           6           7  0.934781430384447     
           2           8   1.33004673884817     
           6           8   1.32529923100053     
           8           9   1.08670629525590     
           9          10   1.29765789197867     
          10          11   1.11045930473312     
          10          12   1.35883489328647     
          12          13   1.46787885910513     
          13          14   1.39996081547586     
           9          15   1.32188287328656     
          14          15   1.42953315033678     
          15          16  0.956183274050193     
           1          17  0.964176672977362     
           1          18  0.980615696950868     
           1          19  0.973908506258061     
           3          20  0.963534420956228     
           4          21  0.969858016989086     
           5          22  0.964524660417781     
          11          23  0.865961393662413     
          12          24  0.963631660762721     
          13          25  0.969311498503641     
          14          26  0.965393157230665     
