           1           2   1.03017514077123     
           2           3   1.41593523684287     
           3           4   1.43945980951155     
           2           5  0.106135884254539     
           4           5   1.43899743799653     
           5           6   1.39527553447683     
           6           7  0.956600718383579     
           2           8   1.36725911214708     
           4           8  0.106219303013300     
           6           8   1.36964792587664     
           8           9   1.00387340831997     
           9          10   1.33737366710157     
          10          11   1.08672871507789     
          10          12   1.36277507865436     
           9          13  0.101749658586381     
          12          13   1.45789299110395     
          13          14   1.42495265999882     
           9          15   1.36914240842022     
          14          15   1.40000029248874     
          15          16  0.956837859668997     
           1          17  0.966819835437937     
           1          18  0.984937073434235     
           1          19  0.970650973491461     
           3          20  0.967409647583496     
           4          21  0.970052980194955     
           5          22  0.966441061270133     
          11          23  0.878656476801847     
          12          24  0.966145484806540     
          13          25  0.969740515645423     
          14          26  0.966323607400998     
