           1           2   1.02940899882986     
           2           3   1.41224117096895     
           3           4   1.44379909334311     
           2           5  0.105039258774680     
           4           5   1.43317184113530     
           5           6   1.40220864996434     
           6           7  0.956135288795505     
           2           8   1.37221623998853     
           4           8  0.105497622429627     
           6           8   1.36360365579909     
           8           9   1.01694603687811     
           9          10   1.32283169360349     
          10          11   1.08834495778312     
          10          12   1.37365841175950     
           9          13  0.102832962757092     
          12          13   1.44396273505744     
          13          14   1.43442698666105     
           9          15   1.37545611020437     
          14          15   1.39221760176082     
          15          16  0.958675896832319     
           1          17  0.976216698756660     
           1          18  0.983748349203490     
           1          19  0.963663793067064     
           3          20  0.967863478425147     
           4          21  0.970375981232912     
           5          22  0.966799947395999     
          11          23  0.885243396993160     
          12          24  0.965450376678915     
          13          25  0.970148233452759     
          14          26  0.966562757124874     
