           1           2   1.02955321082442     
           2           3   1.41115710225505     
           3           4   1.44504940049034     
           2           5  0.104883607921835     
           4           5   1.43181171536377     
           5           6   1.40360939078529     
           6           7  0.956333617628983     
           2           8   1.37251557317635     
           4           8  0.105090973464868     
           6           8   1.36182947029814     
           8           9   1.01862664032397     
           9          10   1.32145055389185     
          10          11   1.08859788371300     
          10          12   1.37447881614485     
           9          13  0.102606656583120     
          12          13   1.44317691556358     
          13          14   1.43492048191996     
           9          15   1.37526301574542     
          14          15   1.39181520389694     
          15          16  0.959015701940941     
           1          17  0.983077291628425     
           1          18  0.962971598652995     
           1          19  0.977193105120095     
           3          20  0.967942348403216     
           4          21  0.970378663749598     
           5          22  0.966809314803975     
          11          23  0.885203597337930     
          12          24  0.965434570384049     
          13          25  0.970170375610539     
          14          26  0.966573190101630     
