           1           2   1.02862990527219     
           2           3   1.41522916886915     
           3           4   1.44043696571722     
           2           5  0.106276365725458     
           4           5   1.43818037240246     
           5           6   1.39678321677057     
           6           7  0.955363352211282     
           2           8   1.37270473767426     
           4           8  0.107610372270614     
           6           8   1.37283217841684     
           8           9   1.00565201940968     
           9          10   1.32884367097914     
          10          11   1.08204484629220     
          10          12   1.37500161358031     
           9          13  0.104686718090192     
          12          13   1.44264942648003     
          13          14   1.43741915472125     
           9          15   1.37952350620256     
          14          15   1.38902097518474     
          15          16  0.961115192364300     
           1          17  0.971790970177722     
           1          18  0.968651754230721     
           1          19  0.985200890587802     
           3          20  0.967652086813201     
           4          21  0.970344000886505     
           5          22  0.966687641012575     
          11          23  0.885815337725046     
          12          24  0.965349701571931     
          13          25  0.970134276007204     
          14          26  0.966408977455823     
