           1           2   1.03132026884603     
           2           3   1.41391857061324     
           3           4   1.44244448218334     
           2           5  0.105442629601605     
           4           5   1.43442242906456     
           5           6   1.39977970931967     
           6           7  0.951725308568598     
           2           8   1.36619649706272     
           4           8  0.104412606564021     
           6           8   1.36227139286779     
           8           9   1.01446749255925     
           9          10   1.33258727479482     
          10          11   1.09319570565767     
          10          12   1.36006334576925     
          12          13   1.46049445887635     
          13          14   1.42110264949988     
           9          15   1.36355601145412     
          14          15   1.40423927349370     
          15          16  0.955246548324925     
           1          17  0.975274040505907     
           1          18  0.983352033957219     
           1          19  0.961480338890745     
           3          20  0.967568042326480     
           4          21  0.970066753831860     
           5          22  0.966500646581186     
          11          23  0.876454645620117     
          12          24  0.966149558120076     
          13          25  0.969721201719509     
          14          26  0.966409995348194     
