$coord
         -1.330735779349          4.052581579186         -2.670659105987     c 
         -2.734349472613          2.002172640412         -1.320705753683     c 
         -5.360067027257          1.977195308808         -1.300568492304     c 
         -6.704842398557          0.108695558271         -0.063200934220     c 
         -5.435557429849         -1.798057043116          1.198549467337     c 
         -2.826624060716         -1.774780416490          1.175249463101     c 
         -1.586236062940         -3.647446370428          2.401812758167     f 
         -1.429016607214          0.080120611948         -0.061641433156     c 
          1.369966208110         -0.019434328678         -0.040233981710     c 
          2.678139579921         -1.951153669566         -1.290056489389     c 
          1.468415005777         -3.807222444517         -2.567446428820     o 
          5.308827738365         -1.966682533184         -1.297575055285     c 
          6.651550585904         -0.108520931909         -0.055500135815     c 
          5.396687817613          1.796960622609          1.227870714815     c 
          2.789476919700          1.805186157659          1.206867728783     c 
          1.560951854772          3.663611355862          2.457924762300     f 
          0.358684480508          3.320577350017         -3.587915311025     h 
         -2.534574732482          4.941547822747         -4.080879424222     h 
         -0.748121413607          5.499317118048         -1.326620376318     h 
         -6.364833551238          3.458837353291         -2.281997910492     h 
         -8.745707749989          0.132321784009         -0.083871665234     h 
         -6.425175424016         -3.277367761230          2.189029592277     h 
         -0.334918809436         -3.684576581579         -2.303742450876     h 
          6.254963030913         -3.469781763865         -2.300359310980     h 
          8.688159462294         -0.147895829273         -0.077569126837     h 
          6.401797110858          3.256305287192          2.231563473457     h 
$end
