           1           2   1.03132029715333     
           2           3   1.41391854395484     
           3           4   1.44244450743379     
           2           5  0.105442610431350     
           4           5   1.43442238052816     
           5           6   1.39977970978241     
           6           7  0.951725309233360     
           2           8   1.36619645530497     
           4           8  0.104412604062776     
           6           8   1.36227139698121     
           8           9   1.01446755760722     
           9          10   1.33258722296272     
          10          11   1.09319576281351     
          10          12   1.36006341491672     
          12          13   1.46049443300991     
          13          14   1.42110266975276     
           9          15   1.36355602405991     
          14          15   1.40423923284682     
          15          16  0.955246629629079     
           1          17  0.975274037361717     
           1          18  0.983352031931137     
           1          19  0.961480332667350     
           3          20  0.967568026958456     
           4          21  0.970066743312223     
           5          22  0.966500637539596     
          11          23  0.876454550653160     
          12          24  0.966149541922951     
          13          25  0.969721212222328     
          14          26  0.966409999447200     
