           1           2   1.02940752241968     
           2           3   1.41176281687677     
           3           4   1.44433269194164     
           2           5  0.105011618281798     
           4           5   1.43260573230647     
           5           6   1.40282405141281     
           6           7  0.955972053306092     
           2           8   1.37265750993503     
           4           8  0.105485370617672     
           6           8   1.36306682078304     
           8           9   1.01702902577869     
           9          10   1.32251589193065     
          10          11   1.08800763389610     
          10          12   1.37427259528847     
           9          13  0.102842838429941     
          12          13   1.44345635646265     
          13          14   1.43485627457476     
           9          15   1.37577207173657     
          14          15   1.39188614872775     
          15          16  0.958699545454100     
           1          17  0.976401189301695     
           1          18  0.963563710759187     
           1          19  0.983648984848558     
           3          20  0.967862442418636     
           4          21  0.970374691408434     
           5          22  0.966783266577928     
          11          23  0.885231114329961     
          12          24  0.965410624487723     
          13          25  0.970159445438258     
          14          26  0.966547137311655     
