$coord
         -1.421000772218          4.072368002548         -2.654228143137     c 
         -2.771549118910          1.992202211221         -1.299462567609     c 
         -5.396245978332          1.959819866409         -1.217627710987     c 
         -6.704657681436          0.064382683413          0.019226808423     c 
         -5.402299698970         -1.864483411286          1.207644174468     c 
         -2.793584725277         -1.823397071522          1.134849982783     c 
         -1.512345512730         -3.711206705670          2.300825801169     f 
         -1.427668095753          0.064097766786         -0.089640746656     c 
          1.370809308208         -0.002117371786         -0.072676496719     c 
          2.712412031651         -1.942859388176         -1.273899324963     c 
          1.531230301922         -3.816358200464         -2.553162215247     o 
          5.343927014362         -1.956699122143         -1.215949807254     c 
          6.657392754934         -0.069710708468          0.021471183021     c 
          5.372305852296          1.863483539901          1.230085140469     c 
          2.760481789221          1.856968461003          1.158380477082     c 
          1.492705723787          3.728044043314          2.361290399364     f 
          0.356199920420          3.413043375106         -3.452798303162     h 
         -2.597435507905          4.836526667076         -4.155661383106     h 
         -1.005790344052          5.596870684882         -1.335698695367     h 
         -6.424312068512          3.460612143840         -2.140617865741     h 
         -8.743303482844          0.079838656710          0.050173174108     h 
         -6.359411900277         -3.373714740312          2.186972021058     h 
         -0.262599338830         -3.738010677556         -2.246787847044     h 
          6.313854876341         -3.478753671690         -2.160159528208     h 
          8.693222568748         -0.103842937809          0.053265313026     h 
          6.347843721214          3.352612374160          2.219876058166     h 
$end
