           1           2   1.03132029728686     
           2           3   1.41391854398641     
           3           4   1.44244450735304     
           2           5  0.105442610534271     
           4           5   1.43442238078573     
           5           6   1.39977970935490     
           6           7  0.951725309074962     
           2           8   1.36619645486441     
           4           8  0.104412603869337     
           6           8   1.36227139706272     
           8           9   1.01446755817195     
           9          10   1.33258722243114     
          10          11   1.09319576332197     
          10          12   1.36006341464001     
          12          13   1.46049443323325     
          13          14   1.42110266974718     
           9          15   1.36355602421668     
          14          15   1.40423923267220     
          15          16  0.955246629757784     
           1          17  0.975274036868839     
           1          18  0.983352032161725     
           1          19  0.961480332748362     
           3          20  0.967568026912882     
           4          21  0.970066743272667     
           5          22  0.966500637552606     
          11          23  0.876454550194368     
          12          24  0.966149541925017     
          13          25  0.969721212184664     
          14          26  0.966409999491463     
