           1           2   1.03132026898005     
           2           3   1.41391857064366     
           3           4   1.44244448210342     
           2           5  0.105442629704472     
           4           5   1.43442242932162     
           5           6   1.39977970889234     
           6           7  0.951725308408958     
           2           8   1.36619649662263     
           4           8  0.104412606370801     
           6           8   1.36227139294974     
           8           9   1.01446749312373     
           9          10   1.33258727426527     
          10          11   1.09319570616400     
          10          12   1.36006334549252     
          12          13   1.46049445909954     
          13          14   1.42110264949520     
           9          15   1.36355601161254     
          14          15   1.40423927331844     
          15          16  0.955246548451053     
           1          17  0.975274040013036     
           1          18  0.983352034187898     
           1          19  0.961480338971775     
           3          20  0.967568042281051     
           4          21  0.970066753791892     
           5          22  0.966500646593852     
          11          23  0.876454645161154     
          12          24  0.966149558122025     
          13          25  0.969721201681367     
          14          26  0.966409995392538     
