           1           2   1.02929280105737     
           2           3   1.41248538595881     
           3           4   1.44347563903371     
           2           5  0.105125975815845     
           4           5   1.43359261877379     
           5           6   1.40182837307234     
           6           7  0.955901493768429     
           2           8   1.37245006512794     
           4           8  0.105792386494089     
           6           8   1.36448552340644     
           8           9   1.01562010084389     
           9          10   1.32297958612867     
          10          11   1.08757871015741     
          10          12   1.37431952149461     
           9          13  0.103087667198840     
          12          13   1.44340824448021     
          13          14   1.43504821835679     
           9          15   1.37663375332042     
          14          15   1.39166403568219     
          15          16  0.958492809725616     
           1          17  0.975771815695220     
           1          18  0.984015350279567     
           1          19  0.964084510110923     
           3          20  0.967830788759725     
           4          21  0.970378239289217     
           5          22  0.966779765074232     
          11          23  0.885275724821720     
          12          24  0.965428018618324     
          13          25  0.970158255074312     
          14          26  0.966540674585320     
