           1           2   1.02929967472176     
           2           3   1.41256410492036     
           3           4   1.44341091017384     
           2           5  0.105106715427566     
           4           5   1.43359948756262     
           5           6   1.40183909549905     
           6           7  0.955932985259821     
           2           8   1.37227066696339     
           4           8  0.105752287034782     
           6           8   1.36438338122218     
           8           9   1.01594446040144     
           9          10   1.32283866205432     
          10          11   1.08769111946076     
          10          12   1.37434440815364     
           9          13  0.103039886606821     
          12          13   1.44336819022731     
          13          14   1.43507407543100     
           9          15   1.37647774197266     
          14          15   1.39167572105974     
          15          16  0.958522062662714     
           1          17  0.975732220730777     
           1          18  0.984041597413236     
           1          19  0.964050659696728     
           3          20  0.967825077941773     
           4          21  0.970377583286111     
           5          22  0.966779285804325     
          11          23  0.885263064159990     
          12          24  0.965411512842086     
          13          25  0.970157955849335     
          14          26  0.966537133620626     
