           1           2   1.02932804646741     
           2           3   1.41228002872919     
           3           4   1.44373486005993     
           2           5  0.105089625478640     
           4           5   1.43333631263475     
           5           6   1.40207190641517     
           6           7  0.955965877544582     
           2           8   1.37242566523513     
           4           8  0.105618019739740     
           6           8   1.36402532156223     
           8           9   1.01621444568727     
           9          10   1.32259349935854     
          10          11   1.08779515952951     
          10          12   1.37442602601096     
           9          13  0.102976384476426     
          12          13   1.44326045362265     
          13          14   1.43516446937698     
           9          15   1.37642392824793     
          14          15   1.39157376985299     
          15          16  0.958626998746815     
           1          17  0.983748141318463     
           1          18  0.976256101511291     
           1          19  0.963751418915600     
           3          20  0.967862693306882     
           4          21  0.970373997961944     
           5          22  0.966782782053152     
          11          23  0.885272416588716     
          12          24  0.965421309172074     
          13          25  0.970155039128198     
          14          26  0.966539058559990     
