           1           2   1.02970552267965     
           2           3   1.41555554086619     
           3           4   1.43965134855264     
           2           5  0.105977970075836     
           4           5   1.43884279917975     
           5           6   1.39560700428415     
           6           7  0.958264264164365     
           2           8   1.36769742489116     
           4           8  0.106242194255460     
           6           8   1.36919845304231     
           8           9   1.00384359975484     
           9          10   1.33739724491981     
          10          11   1.08530085549493     
          10          12   1.36404952292226     
           9          13  0.101760441770536     
          12          13   1.45665573027244     
          13          14   1.42621549831199     
           9          15   1.36949423073771     
          14          15   1.39875629147685     
          15          16  0.958080170714470     
           1          17  0.968917708343173     
           1          18  0.968910956363977     
           1          19  0.984950968638436     
           3          20  0.967420949523364     
           4          21  0.970045992457830     
           5          22  0.966425229944209     
          11          23  0.878738023512556     
          12          24  0.966179911299879     
          13          25  0.969733667897390     
          14          26  0.966308244571993     
