           1           2   1.02922231175962     
           2           3   1.41279396465149     
           3           4   1.44320147702576     
           2           5  0.105265369404351     
           4           5   1.43402755215762     
           5           6   1.40128505276195     
           6           7  0.955832814218525     
           2           8   1.37231878094254     
           4           8  0.105881646101518     
           6           8   1.36527950052185     
           8           9   1.01491252507544     
           9          10   1.32345099406612     
          10          11   1.08743847874352     
          10          12   1.37416190097486     
           9          13  0.103201617540191     
          12          13   1.44348157062160     
          13          14   1.43510701780359     
           9          15   1.37665662395759     
          14          15   1.39161849288921     
          15          16  0.958673334358777     
           1          17  0.984042012856321     
           1          18  0.975733390714917     
           1          19  0.964260330101745     
           3          20  0.967819822154799     
           4          21  0.970366795964318     
           5          22  0.966776163541151     
          11          23  0.885311623871506     
          12          24  0.965421729397475     
          13          25  0.970160982018667     
          14          26  0.966524907065603     
